k,silhouette,calinski_harabasz,davies_bouldin
2,0.6849830557195505,1386.5444722389288,0.45166222328799194
3,0.7011013034791538,2230.2106370271035,0.4722147025073537
4,0.688297929695513,2582.01458698733,0.4899825761986901
5,0.5988110566877053,2792.590540208298,0.5291720554130237
6,0.6189896303456403,3868.221749609343,0.4623610855048157
7,0.6695551825188777,5942.169861611636,0.4286208255691188
8,0.6691050516896684,7159.763809761284,0.450437360154307
9,0.6437626424522627,7255.329413211585,0.533712549779088
10,0.6294705057077828,7328.9733329794735,0.5753075158591285
